{
    "module": "pygsti.models.explicitmodel",
    "class": "ExplicitOpModel",
    "version": 0,
    "state_space": {
        "module": "pygsti.baseobjs.statespace",
        "class": "ExplicitStateSpace",
        "version": 0,
        "labels": [
            [
                0
            ]
        ],
        "unitary_space_dimensions": [
            [
                2
            ]
        ],
        "types": [
            [
                "Q"
            ]
        ]
    },
    "basis": {
        "module": "pygsti.baseobjs.basis",
        "class": "BuiltinBasis",
        "version": 0,
        "name": "pp",
        "sparse": false,
        "state_space": {
            "module": "pygsti.baseobjs.statespace",
            "class": "ExplicitStateSpace",
            "version": 0,
            "labels": [
                [
                    0
                ]
            ],
            "unitary_space_dimensions": [
                [
                    2
                ]
            ],
            "types": [
                [
                    "Q"
                ]
            ]
        }
    },
    "default_gate_type": "CPTP",
    "default_prep_type": [
        "CPTP"
    ],
    "default_povm_type": [
        "CPTP"
    ],
    "default_instrument_type": [
        "full TP"
    ],
    "prep_prefix": "rho",
    "effect_prefix": "E",
    "gate_prefix": "G",
    "povm_prefix": "M",
    "instrument_prefix": "I",
    "evotype": "densitymx",
    "simulator": {
        "module": "pygsti.forwardsims.matrixforwardsim",
        "class": "MatrixForwardSimulator",
        "version": 0,
        "mode": "time_independent"
    },
    "default_gauge_group": {
        "module": "pygsti.models.gaugegroup",
        "class": "TPGaugeGroup",
        "version": 0,
        "state_space_dimension": 4,
        "evotype": "densitymx"
    },
    "modelmembers": {
        "0": {
            "module": "pygsti.modelmembers.states.tpstate",
            "class": "TPState",
            "submembers": [],
            "state_space": {
                "module": "pygsti.baseobjs.statespace",
                "class": "ExplicitStateSpace",
                "version": 0,
                "labels": [
                    [
                        0
                    ]
                ],
                "unitary_space_dimensions": [
                    [
                        2
                    ]
                ],
                "types": [
                    [
                        "Q"
                    ]
                ]
            },
            "evotype": "densitymx",
            "model_parameter_indices": [
                0,
                1,
                2
            ],
            "relative_submember_parameter_indices": [],
            "parameter_labels": [
                "VecElement 1",
                "VecElement 2",
                "VecElement 3"
            ],
            "parameter_bounds": null,
            "dense_superket_vector": [
                0.7071067811865476,
                0.015827178927372496,
                0.013641330926001494,
                0.7067979921628151
            ],
            "memberdict_types": [
                "preps"
            ],
            "memberdict_labels": [
                "rho0"
            ]
        },
        "1": {
            "module": "pygsti.modelmembers.states.fullstate",
            "class": "FullState",
            "submembers": [],
            "state_space": {
                "module": "pygsti.baseobjs.statespace",
                "class": "QubitSpace",
                "version": 0,
                "qudit_labels": [
                    0
                ],
                "qudit_udims": [
                    2
                ],
                "qubit_labels": [
                    0
                ]
            },
            "evotype": "densitymx",
            "model_parameter_indices": [
                3,
                4,
                5,
                6
            ],
            "relative_submember_parameter_indices": [],
            "parameter_labels": [
                "VecElement Re(0)",
                "VecElement Re(1)",
                "VecElement Re(2)",
                "VecElement Re(3)"
            ],
            "parameter_bounds": null,
            "dense_superket_vector": [
                0.4595679536198036,
                0.00989636122873388,
                0.008961069479912591,
                0.45937398225411635
            ]
        },
        "2": {
            "module": "pygsti.modelmembers.povms.fulleffect",
            "class": "FullPOVMEffect",
            "submembers": [
                1
            ],
            "state_space": {
                "module": "pygsti.baseobjs.statespace",
                "class": "QubitSpace",
                "version": 0,
                "qudit_labels": [
                    0
                ],
                "qudit_udims": [
                    2
                ],
                "qubit_labels": [
                    0
                ]
            },
            "evotype": "densitymx",
            "model_parameter_indices": [
                3,
                4,
                5,
                6
            ],
            "relative_submember_parameter_indices": [
                [
                    0,
                    1,
                    2,
                    3
                ]
            ],
            "parameter_labels": null,
            "parameter_bounds": null
        },
        "3": {
            "module": "pygsti.modelmembers.povms.complementeffect",
            "class": "ComplementPOVMEffect",
            "submembers": [
                2
            ],
            "state_space": {
                "module": "pygsti.baseobjs.statespace",
                "class": "QubitSpace",
                "version": 0,
                "qudit_labels": [
                    0
                ],
                "qudit_udims": [
                    2
                ],
                "qubit_labels": [
                    0
                ]
            },
            "evotype": "densitymx",
            "model_parameter_indices": [
                3,
                4,
                5,
                6
            ],
            "relative_submember_parameter_indices": [
                [
                    0,
                    1,
                    2,
                    3
                ]
            ],
            "parameter_labels": null,
            "parameter_bounds": null,
            "identity_vector": [
                1.414213562373095,
                0.0,
                0.0,
                0.0
            ]
        },
        "4": {
            "module": "pygsti.modelmembers.povms.tppovm",
            "class": "TPPOVM",
            "submembers": [
                2,
                3
            ],
            "state_space": {
                "module": "pygsti.baseobjs.statespace",
                "class": "ExplicitStateSpace",
                "version": 0,
                "labels": [
                    [
                        0
                    ]
                ],
                "unitary_space_dimensions": [
                    [
                        2
                    ]
                ],
                "types": [
                    [
                        "Q"
                    ]
                ]
            },
            "evotype": "densitymx",
            "model_parameter_indices": [
                3,
                4,
                5,
                6
            ],
            "relative_submember_parameter_indices": [
                [
                    0,
                    1,
                    2,
                    3
                ],
                [
                    0,
                    1,
                    2,
                    3
                ]
            ],
            "parameter_labels": [
                "VecElement Re(0)",
                "VecElement Re(1)",
                "VecElement Re(2)",
                "VecElement Re(3)"
            ],
            "parameter_bounds": null,
            "effect_labels": [
                "0",
                "1"
            ],
            "memberdict_types": [
                "povms"
            ],
            "memberdict_labels": [
                "Mdefault"
            ]
        },
        "5": {
            "module": "pygsti.modelmembers.operations.fulltpop",
            "class": "FullTPOp",
            "submembers": [],
            "state_space": {
                "module": "pygsti.baseobjs.statespace",
                "class": "ExplicitStateSpace",
                "version": 0,
                "labels": [
                    [
                        0
                    ]
                ],
                "unitary_space_dimensions": [
                    [
                        2
                    ]
                ],
                "types": [
                    [
                        "Q"
                    ]
                ]
            },
            "evotype": "densitymx",
            "model_parameter_indices": [
                7,
                8,
                9,
                10,
                11,
                12,
                13,
                14,
                15,
                16,
                17,
                18
            ],
            "relative_submember_parameter_indices": [],
            "parameter_labels": [
                "MxElement 1,0",
                "MxElement 1,1",
                "MxElement 1,2",
                "MxElement 1,3",
                "MxElement 2,0",
                "MxElement 2,1",
                "MxElement 2,2",
                "MxElement 2,3",
                "MxElement 3,0",
                "MxElement 3,1",
                "MxElement 3,2",
                "MxElement 3,3"
            ],
            "parameter_bounds": null,
            "dense_matrix": [
                [
                    1.0,
                    0.0,
                    0.0,
                    1.0146536357569526e-17
                ],
                [
                    7.539127013091385e-10,
                    0.9999568093711237,
                    0.002200352624909475,
                    -0.0090297146917632
                ],
                [
                    -1.9004471224146426e-10,
                    -0.0021843347398763295,
                    0.9999960239315782,
                    0.0017833473454663667
                ],
                [
                    -3.0320087071761366e-10,
                    0.009033602876021916,
                    -0.0017635465981372036,
                    0.999957640127489
                ]
            ],
            "memberdict_types": [
                "operations"
            ],
            "memberdict_labels": [
                "Gi:0"
            ]
        },
        "6": {
            "module": "pygsti.modelmembers.operations.fulltpop",
            "class": "FullTPOp",
            "submembers": [],
            "state_space": {
                "module": "pygsti.baseobjs.statespace",
                "class": "ExplicitStateSpace",
                "version": 0,
                "labels": [
                    [
                        0
                    ]
                ],
                "unitary_space_dimensions": [
                    [
                        2
                    ]
                ],
                "types": [
                    [
                        "Q"
                    ]
                ]
            },
            "evotype": "densitymx",
            "model_parameter_indices": [
                19,
                20,
                21,
                22,
                23,
                24,
                25,
                26,
                27,
                28,
                29,
                30
            ],
            "relative_submember_parameter_indices": [],
            "parameter_labels": [
                "MxElement 1,0",
                "MxElement 1,1",
                "MxElement 1,2",
                "MxElement 1,3",
                "MxElement 2,0",
                "MxElement 2,1",
                "MxElement 2,2",
                "MxElement 2,3",
                "MxElement 3,0",
                "MxElement 3,1",
                "MxElement 3,2",
                "MxElement 3,3"
            ],
            "parameter_bounds": null,
            "dense_matrix": [
                [
                    1.0000000000000002,
                    0.0,
                    -3.363896349075124e-16,
                    2.2993471702930934e-17
                ],
                [
                    1.1627715957081465e-12,
                    0.9998478495774638,
                    0.010083998069761187,
                    -0.014233434867383408
                ],
                [
                    1.0860678871609044e-11,
                    -0.014242772053736459,
                    0.0008547291663819511,
                    -0.9998982012448064
                ],
                [
                    1.1355509057251421e-11,
                    -0.010070805800735197,
                    0.9999487898841903,
                    0.0009982232097890625
                ]
            ],
            "memberdict_types": [
                "operations"
            ],
            "memberdict_labels": [
                "Gxpi2:0"
            ]
        },
        "7": {
            "module": "pygsti.modelmembers.operations.fulltpop",
            "class": "FullTPOp",
            "submembers": [],
            "state_space": {
                "module": "pygsti.baseobjs.statespace",
                "class": "ExplicitStateSpace",
                "version": 0,
                "labels": [
                    [
                        0
                    ]
                ],
                "unitary_space_dimensions": [
                    [
                        2
                    ]
                ],
                "types": [
                    [
                        "Q"
                    ]
                ]
            },
            "evotype": "densitymx",
            "model_parameter_indices": [
                31,
                32,
                33,
                34,
                35,
                36,
                37,
                38,
                39,
                40,
                41,
                42
            ],
            "relative_submember_parameter_indices": [],
            "parameter_labels": [
                "MxElement 1,0",
                "MxElement 1,1",
                "MxElement 1,2",
                "MxElement 1,3",
                "MxElement 2,0",
                "MxElement 2,1",
                "MxElement 2,2",
                "MxElement 2,3",
                "MxElement 3,0",
                "MxElement 3,1",
                "MxElement 3,2",
                "MxElement 3,3"
            ],
            "parameter_bounds": null,
            "dense_matrix": [
                [
                    1.0000000000000002,
                    3.363896349075124e-16,
                    0.0,
                    2.2993471702930934e-17
                ],
                [
                    1.2772524610231823e-14,
                    0.0049753666123204705,
                    0.009800845320073304,
                    0.9999395927544761
                ],
                [
                    1.1924053846248711e-14,
                    -0.012046908099839194,
                    0.9998799918872814,
                    -0.009740319740656098
                ],
                [
                    -2.678029218284043e-14,
                    -0.9999150552583163,
                    -0.011997718717639402,
                    0.005092839410855791
                ]
            ],
            "memberdict_types": [
                "operations"
            ],
            "memberdict_labels": [
                "Gypi2:0"
            ]
        },
        "8": {
            "module": "pygsti.modelmembers.operations.fulltpop",
            "class": "FullTPOp",
            "submembers": [],
            "state_space": {
                "module": "pygsti.baseobjs.statespace",
                "class": "ExplicitStateSpace",
                "version": 0,
                "labels": [
                    [
                        0
                    ]
                ],
                "unitary_space_dimensions": [
                    [
                        2
                    ]
                ],
                "types": [
                    [
                        "Q"
                    ]
                ]
            },
            "evotype": "densitymx",
            "model_parameter_indices": [
                43,
                44,
                45,
                46,
                47,
                48,
                49,
                50,
                51,
                52,
                53,
                54
            ],
            "relative_submember_parameter_indices": [],
            "parameter_labels": [
                "MxElement 1,0",
                "MxElement 1,1",
                "MxElement 1,2",
                "MxElement 1,3",
                "MxElement 2,0",
                "MxElement 2,1",
                "MxElement 2,2",
                "MxElement 2,3",
                "MxElement 3,0",
                "MxElement 3,1",
                "MxElement 3,2",
                "MxElement 3,3"
            ],
            "parameter_bounds": null,
            "dense_matrix": [
                [
                    1.0,
                    0.0,
                    0.0,
                    -1.0146536357569526e-17
                ],
                [
                    -4.6671433819924745e-11,
                    0.999925771997348,
                    0.0007348400020306935,
                    0.012161839009197524
                ],
                [
                    -1.5155881088876073e-10,
                    0.0008585843802206691,
                    -0.9999478351565064,
                    -0.010172725324295574
                ],
                [
                    4.084902485611332e-09,
                    0.012153730464661117,
                    0.010182412183123766,
                    -0.9998742419526047
                ]
            ],
            "memberdict_types": [
                "operations"
            ],
            "memberdict_labels": [
                "Gxpi:0"
            ]
        },
        "9": {
            "module": "pygsti.modelmembers.operations.fulltpop",
            "class": "FullTPOp",
            "submembers": [],
            "state_space": {
                "module": "pygsti.baseobjs.statespace",
                "class": "ExplicitStateSpace",
                "version": 0,
                "labels": [
                    [
                        0
                    ]
                ],
                "unitary_space_dimensions": [
                    [
                        2
                    ]
                ],
                "types": [
                    [
                        "Q"
                    ]
                ]
            },
            "evotype": "densitymx",
            "model_parameter_indices": [
                55,
                56,
                57,
                58,
                59,
                60,
                61,
                62,
                63,
                64,
                65,
                66
            ],
            "relative_submember_parameter_indices": [],
            "parameter_labels": [
                "MxElement 1,0",
                "MxElement 1,1",
                "MxElement 1,2",
                "MxElement 1,3",
                "MxElement 2,0",
                "MxElement 2,1",
                "MxElement 2,2",
                "MxElement 2,3",
                "MxElement 3,0",
                "MxElement 3,1",
                "MxElement 3,2",
                "MxElement 3,3"
            ],
            "parameter_bounds": null,
            "dense_matrix": [
                [
                    1.0,
                    0.0,
                    0.0,
                    -1.0146536357569526e-17
                ],
                [
                    -2.922204297225312e-07,
                    -0.9997857641690319,
                    -0.0002504818273767602,
                    0.017045454166041207
                ],
                [
                    9.19906800667666e-09,
                    -6.506503825368877e-05,
                    0.9999406027741382,
                    0.010897623834004213
                ],
                [
                    -1.06796897907368e-06,
                    -0.017047170637045382,
                    0.010895227448999002,
                    -0.9997264023275751
                ]
            ],
            "memberdict_types": [
                "operations"
            ],
            "memberdict_labels": [
                "Gypi:0"
            ]
        }
    }
}