{
    "module": "pygsti.models.explicitmodel",
    "class": "ExplicitOpModel",
    "version": 0,
    "state_space": {
        "module": "pygsti.baseobjs.statespace",
        "class": "ExplicitStateSpace",
        "version": 0,
        "labels": [
            [
                0
            ]
        ],
        "unitary_space_dimensions": [
            [
                2
            ]
        ],
        "types": [
            [
                "Q"
            ]
        ]
    },
    "basis": {
        "module": "pygsti.baseobjs.basis",
        "class": "BuiltinBasis",
        "version": 0,
        "name": "pp",
        "sparse": false,
        "state_space": {
            "module": "pygsti.baseobjs.statespace",
            "class": "ExplicitStateSpace",
            "version": 0,
            "labels": [
                [
                    0
                ]
            ],
            "unitary_space_dimensions": [
                [
                    2
                ]
            ],
            "types": [
                [
                    "Q"
                ]
            ]
        }
    },
    "default_gate_type": "CPTP",
    "default_prep_type": [
        "CPTP"
    ],
    "default_povm_type": [
        "CPTP"
    ],
    "default_instrument_type": [
        "full TP"
    ],
    "prep_prefix": "rho",
    "effect_prefix": "E",
    "gate_prefix": "G",
    "povm_prefix": "M",
    "instrument_prefix": "I",
    "evotype": "densitymx",
    "simulator": {
        "module": "pygsti.forwardsims.matrixforwardsim",
        "class": "MatrixForwardSimulator",
        "version": 0,
        "mode": "time_independent"
    },
    "default_gauge_group": {
        "module": "pygsti.models.gaugegroup",
        "class": "TPGaugeGroup",
        "version": 0,
        "state_space_dimension": 4,
        "evotype": "densitymx"
    },
    "modelmembers": {
        "0": {
            "module": "pygsti.modelmembers.states.tpstate",
            "class": "TPState",
            "submembers": [],
            "state_space": {
                "module": "pygsti.baseobjs.statespace",
                "class": "ExplicitStateSpace",
                "version": 0,
                "labels": [
                    [
                        0
                    ]
                ],
                "unitary_space_dimensions": [
                    [
                        2
                    ]
                ],
                "types": [
                    [
                        "Q"
                    ]
                ]
            },
            "evotype": "densitymx",
            "model_parameter_indices": [
                0,
                1,
                2
            ],
            "relative_submember_parameter_indices": [],
            "parameter_labels": [
                "VecElement 1",
                "VecElement 2",
                "VecElement 3"
            ],
            "parameter_bounds": null,
            "dense_superket_vector": [
                0.7071067811865476,
                0.011559630902408788,
                0.007580656721236514,
                0.7069716371996075
            ],
            "memberdict_types": [
                "preps"
            ],
            "memberdict_labels": [
                "rho0"
            ]
        },
        "1": {
            "module": "pygsti.modelmembers.states.fullstate",
            "class": "FullState",
            "submembers": [],
            "state_space": {
                "module": "pygsti.baseobjs.statespace",
                "class": "QubitSpace",
                "version": 0,
                "qudit_labels": [
                    0
                ],
                "qudit_udims": [
                    2
                ],
                "qubit_labels": [
                    0
                ]
            },
            "evotype": "densitymx",
            "model_parameter_indices": [
                3,
                4,
                5,
                6
            ],
            "relative_submember_parameter_indices": [],
            "parameter_labels": [
                "VecElement Re(0)",
                "VecElement Re(1)",
                "VecElement Re(2)",
                "VecElement Re(3)"
            ],
            "parameter_bounds": null,
            "dense_superket_vector": [
                0.4595679536198036,
                0.007122540658456667,
                0.005021242279661073,
                0.4594853108036601
            ]
        },
        "2": {
            "module": "pygsti.modelmembers.povms.fulleffect",
            "class": "FullPOVMEffect",
            "submembers": [
                1
            ],
            "state_space": {
                "module": "pygsti.baseobjs.statespace",
                "class": "QubitSpace",
                "version": 0,
                "qudit_labels": [
                    0
                ],
                "qudit_udims": [
                    2
                ],
                "qubit_labels": [
                    0
                ]
            },
            "evotype": "densitymx",
            "model_parameter_indices": [
                3,
                4,
                5,
                6
            ],
            "relative_submember_parameter_indices": [
                [
                    0,
                    1,
                    2,
                    3
                ]
            ],
            "parameter_labels": null,
            "parameter_bounds": null
        },
        "3": {
            "module": "pygsti.modelmembers.povms.complementeffect",
            "class": "ComplementPOVMEffect",
            "submembers": [
                2
            ],
            "state_space": {
                "module": "pygsti.baseobjs.statespace",
                "class": "QubitSpace",
                "version": 0,
                "qudit_labels": [
                    0
                ],
                "qudit_udims": [
                    2
                ],
                "qubit_labels": [
                    0
                ]
            },
            "evotype": "densitymx",
            "model_parameter_indices": [
                3,
                4,
                5,
                6
            ],
            "relative_submember_parameter_indices": [
                [
                    0,
                    1,
                    2,
                    3
                ]
            ],
            "parameter_labels": null,
            "parameter_bounds": null,
            "identity_vector": [
                1.414213562373095,
                0.0,
                0.0,
                0.0
            ]
        },
        "4": {
            "module": "pygsti.modelmembers.povms.tppovm",
            "class": "TPPOVM",
            "submembers": [
                2,
                3
            ],
            "state_space": {
                "module": "pygsti.baseobjs.statespace",
                "class": "ExplicitStateSpace",
                "version": 0,
                "labels": [
                    [
                        0
                    ]
                ],
                "unitary_space_dimensions": [
                    [
                        2
                    ]
                ],
                "types": [
                    [
                        "Q"
                    ]
                ]
            },
            "evotype": "densitymx",
            "model_parameter_indices": [
                3,
                4,
                5,
                6
            ],
            "relative_submember_parameter_indices": [
                [
                    0,
                    1,
                    2,
                    3
                ],
                [
                    0,
                    1,
                    2,
                    3
                ]
            ],
            "parameter_labels": [
                "VecElement Re(0)",
                "VecElement Re(1)",
                "VecElement Re(2)",
                "VecElement Re(3)"
            ],
            "parameter_bounds": null,
            "effect_labels": [
                "0",
                "1"
            ],
            "memberdict_types": [
                "povms"
            ],
            "memberdict_labels": [
                "Mdefault"
            ]
        },
        "5": {
            "module": "pygsti.modelmembers.operations.fulltpop",
            "class": "FullTPOp",
            "submembers": [],
            "state_space": {
                "module": "pygsti.baseobjs.statespace",
                "class": "ExplicitStateSpace",
                "version": 0,
                "labels": [
                    [
                        0
                    ]
                ],
                "unitary_space_dimensions": [
                    [
                        2
                    ]
                ],
                "types": [
                    [
                        "Q"
                    ]
                ]
            },
            "evotype": "densitymx",
            "model_parameter_indices": [
                7,
                8,
                9,
                10,
                11,
                12,
                13,
                14,
                15,
                16,
                17,
                18
            ],
            "relative_submember_parameter_indices": [],
            "parameter_labels": [
                "MxElement 1,0",
                "MxElement 1,1",
                "MxElement 1,2",
                "MxElement 1,3",
                "MxElement 2,0",
                "MxElement 2,1",
                "MxElement 2,2",
                "MxElement 2,3",
                "MxElement 3,0",
                "MxElement 3,1",
                "MxElement 3,2",
                "MxElement 3,3"
            ],
            "parameter_bounds": null,
            "dense_matrix": [
                [
                    1.0,
                    0.0,
                    0.0,
                    1.0146536357569526e-17
                ],
                [
                    7.561004213891829e-10,
                    0.9999567541055178,
                    0.0022884725772709404,
                    -0.00901391791899653
                ],
                [
                    -1.8593950790047544e-10,
                    -0.0022727661024812933,
                    0.9999958817669553,
                    0.0017522879415799461
                ],
                [
                    -3.0028448848871886e-10,
                    0.009017890956605238,
                    -0.0017317258168371586,
                    0.9999578375577173
                ]
            ],
            "memberdict_types": [
                "operations"
            ],
            "memberdict_labels": [
                "Gi:0"
            ]
        },
        "6": {
            "module": "pygsti.modelmembers.operations.fulltpop",
            "class": "FullTPOp",
            "submembers": [],
            "state_space": {
                "module": "pygsti.baseobjs.statespace",
                "class": "ExplicitStateSpace",
                "version": 0,
                "labels": [
                    [
                        0
                    ]
                ],
                "unitary_space_dimensions": [
                    [
                        2
                    ]
                ],
                "types": [
                    [
                        "Q"
                    ]
                ]
            },
            "evotype": "densitymx",
            "model_parameter_indices": [
                19,
                20,
                21,
                22,
                23,
                24,
                25,
                26,
                27,
                28,
                29,
                30
            ],
            "relative_submember_parameter_indices": [],
            "parameter_labels": [
                "MxElement 1,0",
                "MxElement 1,1",
                "MxElement 1,2",
                "MxElement 1,3",
                "MxElement 2,0",
                "MxElement 2,1",
                "MxElement 2,2",
                "MxElement 2,3",
                "MxElement 3,0",
                "MxElement 3,1",
                "MxElement 3,2",
                "MxElement 3,3"
            ],
            "parameter_bounds": null,
            "dense_matrix": [
                [
                    1.0000000000000002,
                    0.0,
                    -3.363896349075124e-16,
                    2.2993471702930934e-17
                ],
                [
                    1.072682708161148e-12,
                    0.9999620188712616,
                    0.0061583249536784224,
                    -0.00616732020973746
                ],
                [
                    1.0764680613793902e-11,
                    -0.006172671977289547,
                    0.0008504010283943787,
                    -0.9999805872661492
                ],
                [
                    1.1455346890249183e-11,
                    -0.006152960709550518,
                    0.9999806757241073,
                    0.0008883820539786711
                ]
            ],
            "memberdict_types": [
                "operations"
            ],
            "memberdict_labels": [
                "Gxpi2:0"
            ]
        },
        "7": {
            "module": "pygsti.modelmembers.operations.fulltpop",
            "class": "FullTPOp",
            "submembers": [],
            "state_space": {
                "module": "pygsti.baseobjs.statespace",
                "class": "ExplicitStateSpace",
                "version": 0,
                "labels": [
                    [
                        0
                    ]
                ],
                "unitary_space_dimensions": [
                    [
                        2
                    ]
                ],
                "types": [
                    [
                        "Q"
                    ]
                ]
            },
            "evotype": "densitymx",
            "model_parameter_indices": [
                31,
                32,
                33,
                34,
                35,
                36,
                37,
                38,
                39,
                40,
                41,
                42
            ],
            "relative_submember_parameter_indices": [],
            "parameter_labels": [
                "MxElement 1,0",
                "MxElement 1,1",
                "MxElement 1,2",
                "MxElement 1,3",
                "MxElement 2,0",
                "MxElement 2,1",
                "MxElement 2,2",
                "MxElement 2,3",
                "MxElement 3,0",
                "MxElement 3,1",
                "MxElement 3,2",
                "MxElement 3,3"
            ],
            "parameter_bounds": null,
            "dense_matrix": [
                [
                    1.0000000000000002,
                    3.363896349075124e-16,
                    0.0,
                    2.2993471702930934e-17
                ],
                [
                    1.290880790645318e-14,
                    0.004983563653968681,
                    -0.0007442936707997423,
                    0.9999873049794885
                ],
                [
                    1.217953914651152e-14,
                    -0.005393288887734116,
                    0.9999851587555693,
                    0.0007711702130646734
                ],
                [
                    -2.6599360876878335e-14,
                    -0.9999730379006303,
                    -0.005397063595632342,
                    0.0049794755009195035
                ]
            ],
            "memberdict_types": [
                "operations"
            ],
            "memberdict_labels": [
                "Gypi2:0"
            ]
        },
        "8": {
            "module": "pygsti.modelmembers.operations.fulltpop",
            "class": "FullTPOp",
            "submembers": [],
            "state_space": {
                "module": "pygsti.baseobjs.statespace",
                "class": "ExplicitStateSpace",
                "version": 0,
                "labels": [
                    [
                        0
                    ]
                ],
                "unitary_space_dimensions": [
                    [
                        2
                    ]
                ],
                "types": [
                    [
                        "Q"
                    ]
                ]
            },
            "evotype": "densitymx",
            "model_parameter_indices": [
                43,
                44,
                45,
                46,
                47,
                48,
                49,
                50,
                51,
                52,
                53,
                54
            ],
            "relative_submember_parameter_indices": [],
            "parameter_labels": [
                "MxElement 1,0",
                "MxElement 1,1",
                "MxElement 1,2",
                "MxElement 1,3",
                "MxElement 2,0",
                "MxElement 2,1",
                "MxElement 2,2",
                "MxElement 2,3",
                "MxElement 3,0",
                "MxElement 3,1",
                "MxElement 3,2",
                "MxElement 3,3"
            ],
            "parameter_bounds": null,
            "dense_matrix": [
                [
                    1.0,
                    0.0,
                    0.0,
                    -1.0146536357569526e-17
                ],
                [
                    -7.08670790472304e-11,
                    0.9996965761926866,
                    0.004507017543997503,
                    0.024216567583463296
                ],
                [
                    -1.8684921857758254e-10,
                    0.004753273014331194,
                    -0.9999374315245154,
                    -0.010120967030634045
                ],
                [
                    4.083092190910061e-09,
                    0.024169438848839615,
                    0.010233004043612891,
                    -0.9996554497799339
                ]
            ],
            "memberdict_types": [
                "operations"
            ],
            "memberdict_labels": [
                "Gxpi:0"
            ]
        },
        "9": {
            "module": "pygsti.modelmembers.operations.fulltpop",
            "class": "FullTPOp",
            "submembers": [],
            "state_space": {
                "module": "pygsti.baseobjs.statespace",
                "class": "ExplicitStateSpace",
                "version": 0,
                "labels": [
                    [
                        0
                    ]
                ],
                "unitary_space_dimensions": [
                    [
                        2
                    ]
                ],
                "types": [
                    [
                        "Q"
                    ]
                ]
            },
            "evotype": "densitymx",
            "model_parameter_indices": [
                55,
                56,
                57,
                58,
                59,
                60,
                61,
                62,
                63,
                64,
                65,
                66
            ],
            "relative_submember_parameter_indices": [],
            "parameter_labels": [
                "MxElement 1,0",
                "MxElement 1,1",
                "MxElement 1,2",
                "MxElement 1,3",
                "MxElement 2,0",
                "MxElement 2,1",
                "MxElement 2,2",
                "MxElement 2,3",
                "MxElement 3,0",
                "MxElement 3,1",
                "MxElement 3,2",
                "MxElement 3,3"
            ],
            "parameter_bounds": null,
            "dense_matrix": [
                [
                    1.0,
                    0.0,
                    0.0,
                    -1.0146536357569526e-17
                ],
                [
                    -2.858270580213586e-07,
                    -0.9997766811139656,
                    -0.004503836250242891,
                    0.016984907263607556
                ],
                [
                    1.782716275117439e-08,
                    -0.004025036418900459,
                    0.999595896980076,
                    0.028138689662910544
                ],
                [
                    -1.0695888125042207e-06,
                    -0.017104782645326232,
                    0.02806627608249151,
                    -0.9993907795885794
                ]
            ],
            "memberdict_types": [
                "operations"
            ],
            "memberdict_labels": [
                "Gypi:0"
            ]
        }
    }
}