{
    "module": "pygsti.models.explicitmodel",
    "class": "ExplicitOpModel",
    "version": 0,
    "state_space": {
        "module": "pygsti.baseobjs.statespace",
        "class": "ExplicitStateSpace",
        "version": 0,
        "labels": [
            [
                0
            ]
        ],
        "unitary_space_dimensions": [
            [
                2
            ]
        ],
        "types": [
            [
                "Q"
            ]
        ]
    },
    "basis": {
        "module": "pygsti.baseobjs.basis",
        "class": "BuiltinBasis",
        "version": 0,
        "name": "pp",
        "sparse": false,
        "state_space": {
            "module": "pygsti.baseobjs.statespace",
            "class": "ExplicitStateSpace",
            "version": 0,
            "labels": [
                [
                    0
                ]
            ],
            "unitary_space_dimensions": [
                [
                    2
                ]
            ],
            "types": [
                [
                    "Q"
                ]
            ]
        }
    },
    "default_gate_type": "CPTP",
    "default_prep_type": [
        "CPTP"
    ],
    "default_povm_type": [
        "CPTP"
    ],
    "default_instrument_type": [
        "full TP"
    ],
    "prep_prefix": "rho",
    "effect_prefix": "E",
    "gate_prefix": "G",
    "povm_prefix": "M",
    "instrument_prefix": "I",
    "evotype": "densitymx",
    "simulator": {
        "module": "pygsti.forwardsims.matrixforwardsim",
        "class": "MatrixForwardSimulator",
        "version": 0,
        "mode": "time_independent"
    },
    "default_gauge_group": {
        "module": "pygsti.models.gaugegroup",
        "class": "TPGaugeGroup",
        "version": 0,
        "state_space_dimension": 4,
        "evotype": "densitymx"
    },
    "modelmembers": {
        "0": {
            "module": "pygsti.modelmembers.states.tpstate",
            "class": "TPState",
            "submembers": [],
            "state_space": {
                "module": "pygsti.baseobjs.statespace",
                "class": "ExplicitStateSpace",
                "version": 0,
                "labels": [
                    [
                        0
                    ]
                ],
                "unitary_space_dimensions": [
                    [
                        2
                    ]
                ],
                "types": [
                    [
                        "Q"
                    ]
                ]
            },
            "evotype": "densitymx",
            "model_parameter_indices": [
                0,
                1,
                2
            ],
            "relative_submember_parameter_indices": [],
            "parameter_labels": [
                "VecElement 1",
                "VecElement 2",
                "VecElement 3"
            ],
            "parameter_bounds": null,
            "dense_superket_vector": [
                0.7071067811865476,
                0.012543226170722918,
                0.008436232276227584,
                0.6935209202783831
            ],
            "memberdict_types": [
                "preps"
            ],
            "memberdict_labels": [
                "rho0"
            ]
        },
        "1": {
            "module": "pygsti.modelmembers.states.fullstate",
            "class": "FullState",
            "submembers": [],
            "state_space": {
                "module": "pygsti.baseobjs.statespace",
                "class": "QubitSpace",
                "version": 0,
                "qudit_labels": [
                    0
                ],
                "qudit_udims": [
                    2
                ],
                "qubit_labels": [
                    0
                ]
            },
            "evotype": "densitymx",
            "model_parameter_indices": [
                3,
                4,
                5,
                6
            ],
            "relative_submember_parameter_indices": [],
            "parameter_labels": [
                "VecElement Re(0)",
                "VecElement Re(1)",
                "VecElement Re(2)",
                "VecElement Re(3)"
            ],
            "parameter_bounds": null,
            "dense_superket_vector": [
                0.4614525016105996,
                0.005892095410336336,
                0.009811625541999047,
                0.46131048503393424
            ]
        },
        "2": {
            "module": "pygsti.modelmembers.povms.fulleffect",
            "class": "FullPOVMEffect",
            "submembers": [
                1
            ],
            "state_space": {
                "module": "pygsti.baseobjs.statespace",
                "class": "QubitSpace",
                "version": 0,
                "qudit_labels": [
                    0
                ],
                "qudit_udims": [
                    2
                ],
                "qubit_labels": [
                    0
                ]
            },
            "evotype": "densitymx",
            "model_parameter_indices": [
                3,
                4,
                5,
                6
            ],
            "relative_submember_parameter_indices": [
                [
                    0,
                    1,
                    2,
                    3
                ]
            ],
            "parameter_labels": null,
            "parameter_bounds": null
        },
        "3": {
            "module": "pygsti.modelmembers.povms.complementeffect",
            "class": "ComplementPOVMEffect",
            "submembers": [
                2
            ],
            "state_space": {
                "module": "pygsti.baseobjs.statespace",
                "class": "QubitSpace",
                "version": 0,
                "qudit_labels": [
                    0
                ],
                "qudit_udims": [
                    2
                ],
                "qubit_labels": [
                    0
                ]
            },
            "evotype": "densitymx",
            "model_parameter_indices": [
                3,
                4,
                5,
                6
            ],
            "relative_submember_parameter_indices": [
                [
                    0,
                    1,
                    2,
                    3
                ]
            ],
            "parameter_labels": null,
            "parameter_bounds": null,
            "identity_vector": [
                1.414213562373095,
                0.0,
                0.0,
                0.0
            ]
        },
        "4": {
            "module": "pygsti.modelmembers.povms.tppovm",
            "class": "TPPOVM",
            "submembers": [
                2,
                3
            ],
            "state_space": {
                "module": "pygsti.baseobjs.statespace",
                "class": "ExplicitStateSpace",
                "version": 0,
                "labels": [
                    [
                        0
                    ]
                ],
                "unitary_space_dimensions": [
                    [
                        2
                    ]
                ],
                "types": [
                    [
                        "Q"
                    ]
                ]
            },
            "evotype": "densitymx",
            "model_parameter_indices": [
                3,
                4,
                5,
                6
            ],
            "relative_submember_parameter_indices": [
                [
                    0,
                    1,
                    2,
                    3
                ],
                [
                    0,
                    1,
                    2,
                    3
                ]
            ],
            "parameter_labels": [
                "VecElement Re(0)",
                "VecElement Re(1)",
                "VecElement Re(2)",
                "VecElement Re(3)"
            ],
            "parameter_bounds": null,
            "effect_labels": [
                "0",
                "1"
            ],
            "memberdict_types": [
                "povms"
            ],
            "memberdict_labels": [
                "Mdefault"
            ]
        },
        "5": {
            "module": "pygsti.modelmembers.operations.fulltpop",
            "class": "FullTPOp",
            "submembers": [],
            "state_space": {
                "module": "pygsti.baseobjs.statespace",
                "class": "ExplicitStateSpace",
                "version": 0,
                "labels": [
                    [
                        0
                    ]
                ],
                "unitary_space_dimensions": [
                    [
                        2
                    ]
                ],
                "types": [
                    [
                        "Q"
                    ]
                ]
            },
            "evotype": "densitymx",
            "model_parameter_indices": [
                7,
                8,
                9,
                10,
                11,
                12,
                13,
                14,
                15,
                16,
                17,
                18
            ],
            "relative_submember_parameter_indices": [],
            "parameter_labels": [
                "MxElement 1,0",
                "MxElement 1,1",
                "MxElement 1,2",
                "MxElement 1,3",
                "MxElement 2,0",
                "MxElement 2,1",
                "MxElement 2,2",
                "MxElement 2,3",
                "MxElement 3,0",
                "MxElement 3,1",
                "MxElement 3,2",
                "MxElement 3,3"
            ],
            "parameter_bounds": null,
            "dense_matrix": [
                [
                    1.0,
                    0.0,
                    0.0,
                    1.0146536357569526e-17
                ],
                [
                    0.001283013033375118,
                    0.9985057174148271,
                    0.0003573634523227566,
                    -0.0023572142303984237
                ],
                [
                    -0.001189334521852495,
                    0.00032280773070804766,
                    0.9985544705729744,
                    0.002849461708703637
                ],
                [
                    0.0001295918894357863,
                    0.002228157236306186,
                    -0.0027501030299569174,
                    0.9993053448429019
                ]
            ],
            "memberdict_types": [
                "operations"
            ],
            "memberdict_labels": [
                "Gi:0"
            ]
        },
        "6": {
            "module": "pygsti.modelmembers.operations.fulltpop",
            "class": "FullTPOp",
            "submembers": [],
            "state_space": {
                "module": "pygsti.baseobjs.statespace",
                "class": "ExplicitStateSpace",
                "version": 0,
                "labels": [
                    [
                        0
                    ]
                ],
                "unitary_space_dimensions": [
                    [
                        2
                    ]
                ],
                "types": [
                    [
                        "Q"
                    ]
                ]
            },
            "evotype": "densitymx",
            "model_parameter_indices": [
                19,
                20,
                21,
                22,
                23,
                24,
                25,
                26,
                27,
                28,
                29,
                30
            ],
            "relative_submember_parameter_indices": [],
            "parameter_labels": [
                "MxElement 1,0",
                "MxElement 1,1",
                "MxElement 1,2",
                "MxElement 1,3",
                "MxElement 2,0",
                "MxElement 2,1",
                "MxElement 2,2",
                "MxElement 2,3",
                "MxElement 3,0",
                "MxElement 3,1",
                "MxElement 3,2",
                "MxElement 3,3"
            ],
            "parameter_bounds": null,
            "dense_matrix": [
                [
                    1.0000000000000002,
                    0.0,
                    -3.363896349075124e-16,
                    2.2993471702930934e-17
                ],
                [
                    0.00037174617607557,
                    0.9994405645439771,
                    0.004229267359616173,
                    -0.011482753409684125
                ],
                [
                    -0.0006888050618255734,
                    -0.00985099914647701,
                    0.002146661782834068,
                    -0.9974984648000539
                ],
                [
                    0.0010530339968403875,
                    -0.004800977055859107,
                    0.9972291187076316,
                    0.0022486580401054027
                ]
            ],
            "memberdict_types": [
                "operations"
            ],
            "memberdict_labels": [
                "Gxpi2:0"
            ]
        },
        "7": {
            "module": "pygsti.modelmembers.operations.fulltpop",
            "class": "FullTPOp",
            "submembers": [],
            "state_space": {
                "module": "pygsti.baseobjs.statespace",
                "class": "ExplicitStateSpace",
                "version": 0,
                "labels": [
                    [
                        0
                    ]
                ],
                "unitary_space_dimensions": [
                    [
                        2
                    ]
                ],
                "types": [
                    [
                        "Q"
                    ]
                ]
            },
            "evotype": "densitymx",
            "model_parameter_indices": [
                31,
                32,
                33,
                34,
                35,
                36,
                37,
                38,
                39,
                40,
                41,
                42
            ],
            "relative_submember_parameter_indices": [],
            "parameter_labels": [
                "MxElement 1,0",
                "MxElement 1,1",
                "MxElement 1,2",
                "MxElement 1,3",
                "MxElement 2,0",
                "MxElement 2,1",
                "MxElement 2,2",
                "MxElement 2,3",
                "MxElement 3,0",
                "MxElement 3,1",
                "MxElement 3,2",
                "MxElement 3,3"
            ],
            "parameter_bounds": null,
            "dense_matrix": [
                [
                    1.0000000000000002,
                    3.363896349075124e-16,
                    0.0,
                    2.2993471702930934e-17
                ],
                [
                    -0.0013740693844328216,
                    -0.0010872959197467174,
                    0.00041648562341142044,
                    0.99806146739852
                ],
                [
                    -0.000183434437479916,
                    -0.007483647591106021,
                    0.99936774400558,
                    -0.0006566853794071623
                ],
                [
                    0.0014089502888818832,
                    -0.9980188238690216,
                    -0.007271773876376383,
                    -0.0005104971824590754
                ]
            ],
            "memberdict_types": [
                "operations"
            ],
            "memberdict_labels": [
                "Gypi2:0"
            ]
        },
        "8": {
            "module": "pygsti.modelmembers.operations.fulltpop",
            "class": "FullTPOp",
            "submembers": [],
            "state_space": {
                "module": "pygsti.baseobjs.statespace",
                "class": "ExplicitStateSpace",
                "version": 0,
                "labels": [
                    [
                        0
                    ]
                ],
                "unitary_space_dimensions": [
                    [
                        2
                    ]
                ],
                "types": [
                    [
                        "Q"
                    ]
                ]
            },
            "evotype": "densitymx",
            "model_parameter_indices": [
                43,
                44,
                45,
                46,
                47,
                48,
                49,
                50,
                51,
                52,
                53,
                54
            ],
            "relative_submember_parameter_indices": [],
            "parameter_labels": [
                "MxElement 1,0",
                "MxElement 1,1",
                "MxElement 1,2",
                "MxElement 1,3",
                "MxElement 2,0",
                "MxElement 2,1",
                "MxElement 2,2",
                "MxElement 2,3",
                "MxElement 3,0",
                "MxElement 3,1",
                "MxElement 3,2",
                "MxElement 3,3"
            ],
            "parameter_bounds": null,
            "dense_matrix": [
                [
                    1.0,
                    0.0,
                    0.0,
                    -1.0146536357569526e-17
                ],
                [
                    0.001092437008662009,
                    0.9987602177729635,
                    -0.006828674365393293,
                    0.006689006504557187
                ],
                [
                    3.3987475765544533e-06,
                    -0.006721866845347482,
                    -0.998189086448601,
                    -0.010219816280528845
                ],
                [
                    -0.0011310801231035907,
                    0.008491872045830481,
                    0.010132001792677751,
                    -0.9986582721287234
                ]
            ],
            "memberdict_types": [
                "operations"
            ],
            "memberdict_labels": [
                "Gxpi:0"
            ]
        },
        "9": {
            "module": "pygsti.modelmembers.operations.fulltpop",
            "class": "FullTPOp",
            "submembers": [],
            "state_space": {
                "module": "pygsti.baseobjs.statespace",
                "class": "ExplicitStateSpace",
                "version": 0,
                "labels": [
                    [
                        0
                    ]
                ],
                "unitary_space_dimensions": [
                    [
                        2
                    ]
                ],
                "types": [
                    [
                        "Q"
                    ]
                ]
            },
            "evotype": "densitymx",
            "model_parameter_indices": [
                55,
                56,
                57,
                58,
                59,
                60,
                61,
                62,
                63,
                64,
                65,
                66
            ],
            "relative_submember_parameter_indices": [],
            "parameter_labels": [
                "MxElement 1,0",
                "MxElement 1,1",
                "MxElement 1,2",
                "MxElement 1,3",
                "MxElement 2,0",
                "MxElement 2,1",
                "MxElement 2,2",
                "MxElement 2,3",
                "MxElement 3,0",
                "MxElement 3,1",
                "MxElement 3,2",
                "MxElement 3,3"
            ],
            "parameter_bounds": null,
            "dense_matrix": [
                [
                    1.0,
                    0.0,
                    0.0,
                    -1.0146536357569526e-17
                ],
                [
                    -0.001141232312359054,
                    -0.9983192460689576,
                    -0.006627528282820054,
                    0.010335842856363889
                ],
                [
                    -0.0006718873617328644,
                    -0.006233573331000313,
                    0.9987243038726252,
                    0.004435625474202476
                ],
                [
                    -0.00023985660178818183,
                    -0.010413551175641944,
                    0.0034810446481576794,
                    -0.9993830941644277
                ]
            ],
            "memberdict_types": [
                "operations"
            ],
            "memberdict_labels": [
                "Gypi:0"
            ]
        }
    }
}