{
    "module": "pygsti.models.explicitmodel",
    "class": "ExplicitOpModel",
    "version": 0,
    "state_space": {
        "module": "pygsti.baseobjs.statespace",
        "class": "ExplicitStateSpace",
        "version": 0,
        "labels": [
            [
                0
            ]
        ],
        "unitary_space_dimensions": [
            [
                2
            ]
        ],
        "types": [
            [
                "Q"
            ]
        ]
    },
    "basis": {
        "module": "pygsti.baseobjs.basis",
        "class": "BuiltinBasis",
        "version": 0,
        "name": "pp",
        "sparse": false,
        "state_space": {
            "module": "pygsti.baseobjs.statespace",
            "class": "ExplicitStateSpace",
            "version": 0,
            "labels": [
                [
                    0
                ]
            ],
            "unitary_space_dimensions": [
                [
                    2
                ]
            ],
            "types": [
                [
                    "Q"
                ]
            ]
        }
    },
    "default_gate_type": "CPTP",
    "default_prep_type": [
        "CPTP"
    ],
    "default_povm_type": [
        "CPTP"
    ],
    "default_instrument_type": [
        "full TP"
    ],
    "prep_prefix": "rho",
    "effect_prefix": "E",
    "gate_prefix": "G",
    "povm_prefix": "M",
    "instrument_prefix": "I",
    "evotype": "densitymx",
    "simulator": {
        "module": "pygsti.forwardsims.matrixforwardsim",
        "class": "MatrixForwardSimulator",
        "version": 0,
        "mode": "time_independent"
    },
    "default_gauge_group": {
        "module": "pygsti.models.gaugegroup",
        "class": "TPGaugeGroup",
        "version": 0,
        "state_space_dimension": 4,
        "evotype": "densitymx"
    },
    "modelmembers": {
        "0": {
            "module": "pygsti.modelmembers.states.tpstate",
            "class": "TPState",
            "submembers": [],
            "state_space": {
                "module": "pygsti.baseobjs.statespace",
                "class": "ExplicitStateSpace",
                "version": 0,
                "labels": [
                    [
                        0
                    ]
                ],
                "unitary_space_dimensions": [
                    [
                        2
                    ]
                ],
                "types": [
                    [
                        "Q"
                    ]
                ]
            },
            "evotype": "densitymx",
            "model_parameter_indices": [
                0,
                1,
                2
            ],
            "relative_submember_parameter_indices": [],
            "parameter_labels": [
                "VecElement 1",
                "VecElement 2",
                "VecElement 3"
            ],
            "parameter_bounds": null,
            "dense_superket_vector": [
                0.7071067811865476,
                0.008018865944105079,
                0.004342101495280028,
                0.7070479713724488
            ],
            "memberdict_types": [
                "preps"
            ],
            "memberdict_labels": [
                "rho0"
            ]
        },
        "1": {
            "module": "pygsti.modelmembers.states.fullstate",
            "class": "FullState",
            "submembers": [],
            "state_space": {
                "module": "pygsti.baseobjs.statespace",
                "class": "QubitSpace",
                "version": 0,
                "qudit_labels": [
                    0
                ],
                "qudit_udims": [
                    2
                ],
                "qubit_labels": [
                    0
                ]
            },
            "evotype": "densitymx",
            "model_parameter_indices": [
                3,
                4,
                5,
                6
            ],
            "relative_submember_parameter_indices": [],
            "parameter_labels": [
                "VecElement Re(0)",
                "VecElement Re(1)",
                "VecElement Re(2)",
                "VecElement Re(3)"
            ],
            "parameter_bounds": null,
            "dense_superket_vector": [
                0.45959742561895944,
                0.00534186757518272,
                0.0033723955102558435,
                0.4595539990521797
            ]
        },
        "2": {
            "module": "pygsti.modelmembers.povms.fulleffect",
            "class": "FullPOVMEffect",
            "submembers": [
                1
            ],
            "state_space": {
                "module": "pygsti.baseobjs.statespace",
                "class": "QubitSpace",
                "version": 0,
                "qudit_labels": [
                    0
                ],
                "qudit_udims": [
                    2
                ],
                "qubit_labels": [
                    0
                ]
            },
            "evotype": "densitymx",
            "model_parameter_indices": [
                3,
                4,
                5,
                6
            ],
            "relative_submember_parameter_indices": [
                [
                    0,
                    1,
                    2,
                    3
                ]
            ],
            "parameter_labels": null,
            "parameter_bounds": null
        },
        "3": {
            "module": "pygsti.modelmembers.povms.complementeffect",
            "class": "ComplementPOVMEffect",
            "submembers": [
                2
            ],
            "state_space": {
                "module": "pygsti.baseobjs.statespace",
                "class": "QubitSpace",
                "version": 0,
                "qudit_labels": [
                    0
                ],
                "qudit_udims": [
                    2
                ],
                "qubit_labels": [
                    0
                ]
            },
            "evotype": "densitymx",
            "model_parameter_indices": [
                3,
                4,
                5,
                6
            ],
            "relative_submember_parameter_indices": [
                [
                    0,
                    1,
                    2,
                    3
                ]
            ],
            "parameter_labels": null,
            "parameter_bounds": null,
            "identity_vector": [
                1.414213562373095,
                0.0,
                0.0,
                0.0
            ]
        },
        "4": {
            "module": "pygsti.modelmembers.povms.tppovm",
            "class": "TPPOVM",
            "submembers": [
                2,
                3
            ],
            "state_space": {
                "module": "pygsti.baseobjs.statespace",
                "class": "ExplicitStateSpace",
                "version": 0,
                "labels": [
                    [
                        0
                    ]
                ],
                "unitary_space_dimensions": [
                    [
                        2
                    ]
                ],
                "types": [
                    [
                        "Q"
                    ]
                ]
            },
            "evotype": "densitymx",
            "model_parameter_indices": [
                3,
                4,
                5,
                6
            ],
            "relative_submember_parameter_indices": [
                [
                    0,
                    1,
                    2,
                    3
                ],
                [
                    0,
                    1,
                    2,
                    3
                ]
            ],
            "parameter_labels": [
                "VecElement Re(0)",
                "VecElement Re(1)",
                "VecElement Re(2)",
                "VecElement Re(3)"
            ],
            "parameter_bounds": null,
            "effect_labels": [
                "0",
                "1"
            ],
            "memberdict_types": [
                "povms"
            ],
            "memberdict_labels": [
                "Mdefault"
            ]
        },
        "5": {
            "module": "pygsti.modelmembers.operations.fulltpop",
            "class": "FullTPOp",
            "submembers": [],
            "state_space": {
                "module": "pygsti.baseobjs.statespace",
                "class": "ExplicitStateSpace",
                "version": 0,
                "labels": [
                    [
                        0
                    ]
                ],
                "unitary_space_dimensions": [
                    [
                        2
                    ]
                ],
                "types": [
                    [
                        "Q"
                    ]
                ]
            },
            "evotype": "densitymx",
            "model_parameter_indices": [
                7,
                8,
                9,
                10,
                11,
                12,
                13,
                14,
                15,
                16,
                17,
                18
            ],
            "relative_submember_parameter_indices": [],
            "parameter_labels": [
                "MxElement 1,0",
                "MxElement 1,1",
                "MxElement 1,2",
                "MxElement 1,3",
                "MxElement 2,0",
                "MxElement 2,1",
                "MxElement 2,2",
                "MxElement 2,3",
                "MxElement 3,0",
                "MxElement 3,1",
                "MxElement 3,2",
                "MxElement 3,3"
            ],
            "parameter_bounds": null,
            "dense_matrix": [
                [
                    1.0,
                    0.0,
                    0.0,
                    1.0146536357569526e-17
                ],
                [
                    4.294208084632675e-07,
                    0.9999932565799715,
                    -8.850250488234114e-05,
                    -0.003383747490193323
                ],
                [
                    5.594706569531618e-07,
                    9.93756522372861e-05,
                    0.9999937390842429,
                    0.0032383285151325438
                ],
                [
                    1.760366625528953e-07,
                    0.0033832434022779663,
                    -0.0032390696051467134,
                    0.9999888356328491
                ]
            ],
            "memberdict_types": [
                "operations"
            ],
            "memberdict_labels": [
                "Gi:0"
            ]
        },
        "6": {
            "module": "pygsti.modelmembers.operations.fulltpop",
            "class": "FullTPOp",
            "submembers": [],
            "state_space": {
                "module": "pygsti.baseobjs.statespace",
                "class": "ExplicitStateSpace",
                "version": 0,
                "labels": [
                    [
                        0
                    ]
                ],
                "unitary_space_dimensions": [
                    [
                        2
                    ]
                ],
                "types": [
                    [
                        "Q"
                    ]
                ]
            },
            "evotype": "densitymx",
            "model_parameter_indices": [
                19,
                20,
                21,
                22,
                23,
                24,
                25,
                26,
                27,
                28,
                29,
                30
            ],
            "relative_submember_parameter_indices": [],
            "parameter_labels": [
                "MxElement 1,0",
                "MxElement 1,1",
                "MxElement 1,2",
                "MxElement 1,3",
                "MxElement 2,0",
                "MxElement 2,1",
                "MxElement 2,2",
                "MxElement 2,3",
                "MxElement 3,0",
                "MxElement 3,1",
                "MxElement 3,2",
                "MxElement 3,3"
            ],
            "parameter_bounds": null,
            "dense_matrix": [
                [
                    1.0000000000000002,
                    0.0,
                    -3.363896349075124e-16,
                    2.2993471702930934e-17
                ],
                [
                    -5.105715492829585e-13,
                    0.9999860467503027,
                    0.00507499897910957,
                    -0.0014665131937179378
                ],
                [
                    3.314106919427987e-11,
                    -0.0014769579795273415,
                    0.0020549509762383946,
                    -0.9999967978377611
                ],
                [
                    3.066823824426259e-11,
                    -0.005071969115033583,
                    0.9999850106267714,
                    0.0020624178777396925
                ]
            ],
            "memberdict_types": [
                "operations"
            ],
            "memberdict_labels": [
                "Gxpi2:0"
            ]
        },
        "7": {
            "module": "pygsti.modelmembers.operations.fulltpop",
            "class": "FullTPOp",
            "submembers": [],
            "state_space": {
                "module": "pygsti.baseobjs.statespace",
                "class": "ExplicitStateSpace",
                "version": 0,
                "labels": [
                    [
                        0
                    ]
                ],
                "unitary_space_dimensions": [
                    [
                        2
                    ]
                ],
                "types": [
                    [
                        "Q"
                    ]
                ]
            },
            "evotype": "densitymx",
            "model_parameter_indices": [
                31,
                32,
                33,
                34,
                35,
                36,
                37,
                38,
                39,
                40,
                41,
                42
            ],
            "relative_submember_parameter_indices": [],
            "parameter_labels": [
                "MxElement 1,0",
                "MxElement 1,1",
                "MxElement 1,2",
                "MxElement 1,3",
                "MxElement 2,0",
                "MxElement 2,1",
                "MxElement 2,2",
                "MxElement 2,3",
                "MxElement 3,0",
                "MxElement 3,1",
                "MxElement 3,2",
                "MxElement 3,3"
            ],
            "parameter_bounds": null,
            "dense_matrix": [
                [
                    1.0000000000000002,
                    3.363896349075124e-16,
                    0.0,
                    2.2993471702930934e-17
                ],
                [
                    -2.4160820559138602e-11,
                    -0.0004413942769999438,
                    -0.004486590174898831,
                    0.9999898377530209
                ],
                [
                    2.252563781497126e-15,
                    -0.0010143224403003804,
                    0.9999894227803768,
                    0.004486140593209252
                ],
                [
                    2.498606887952725e-11,
                    -0.9999993881248428,
                    -0.0010123319749871537,
                    -0.00044594044742386063
                ]
            ],
            "memberdict_types": [
                "operations"
            ],
            "memberdict_labels": [
                "Gypi2:0"
            ]
        },
        "8": {
            "module": "pygsti.modelmembers.operations.fulltpop",
            "class": "FullTPOp",
            "submembers": [],
            "state_space": {
                "module": "pygsti.baseobjs.statespace",
                "class": "ExplicitStateSpace",
                "version": 0,
                "labels": [
                    [
                        0
                    ]
                ],
                "unitary_space_dimensions": [
                    [
                        2
                    ]
                ],
                "types": [
                    [
                        "Q"
                    ]
                ]
            },
            "evotype": "densitymx",
            "model_parameter_indices": [
                43,
                44,
                45,
                46,
                47,
                48,
                49,
                50,
                51,
                52,
                53,
                54
            ],
            "relative_submember_parameter_indices": [],
            "parameter_labels": [
                "MxElement 1,0",
                "MxElement 1,1",
                "MxElement 1,2",
                "MxElement 1,3",
                "MxElement 2,0",
                "MxElement 2,1",
                "MxElement 2,2",
                "MxElement 2,3",
                "MxElement 3,0",
                "MxElement 3,1",
                "MxElement 3,2",
                "MxElement 3,3"
            ],
            "parameter_bounds": null,
            "dense_matrix": [
                [
                    1.0,
                    0.0,
                    0.0,
                    -1.0146536357569526e-17
                ],
                [
                    9.81284740513595e-10,
                    0.9998766796552102,
                    0.004176272576034734,
                    0.01513863398190686
                ],
                [
                    -5.971495774952522e-08,
                    0.004348236612899918,
                    -0.9998887571005665,
                    -0.011345824062443005
                ],
                [
                    -1.2018976313732014e-07,
                    0.01509011223172185,
                    0.011410252318318355,
                    -0.9997836070961792
                ]
            ],
            "memberdict_types": [
                "operations"
            ],
            "memberdict_labels": [
                "Gxpi:0"
            ]
        },
        "9": {
            "module": "pygsti.modelmembers.operations.fulltpop",
            "class": "FullTPOp",
            "submembers": [],
            "state_space": {
                "module": "pygsti.baseobjs.statespace",
                "class": "ExplicitStateSpace",
                "version": 0,
                "labels": [
                    [
                        0
                    ]
                ],
                "unitary_space_dimensions": [
                    [
                        2
                    ]
                ],
                "types": [
                    [
                        "Q"
                    ]
                ]
            },
            "evotype": "densitymx",
            "model_parameter_indices": [
                55,
                56,
                57,
                58,
                59,
                60,
                61,
                62,
                63,
                64,
                65,
                66
            ],
            "relative_submember_parameter_indices": [],
            "parameter_labels": [
                "MxElement 1,0",
                "MxElement 1,1",
                "MxElement 1,2",
                "MxElement 1,3",
                "MxElement 2,0",
                "MxElement 2,1",
                "MxElement 2,2",
                "MxElement 2,3",
                "MxElement 3,0",
                "MxElement 3,1",
                "MxElement 3,2",
                "MxElement 3,3"
            ],
            "parameter_bounds": null,
            "dense_matrix": [
                [
                    1.0,
                    0.0,
                    0.0,
                    -1.0146536357569526e-17
                ],
                [
                    -1.3751742261770668e-14,
                    -0.9999313193296067,
                    -0.0036737693786131832,
                    0.011129242661413815
                ],
                [
                    1.7045450267780474e-14,
                    -0.003409412338951989,
                    0.9997137774547418,
                    0.02367992978449886
                ],
                [
                    -1.2646980404777682e-14,
                    -0.011213051822196018,
                    0.02364035925382779,
                    -0.9996576418370123
                ]
            ],
            "memberdict_types": [
                "operations"
            ],
            "memberdict_labels": [
                "Gypi:0"
            ]
        }
    }
}